$ANSIBLE_VAULT;1.1;AES256
63323864353739633761366139366135646538616236333736366535323361356335616235333135
3865346165636664326637373663633633353463653062630a373737373562666632303133623437
31353034623066653431323439333739353739353264396538663933386362373638316332616136
6434356131633665340a306233313763353034356235656465323765393335393964653732343636
38383930393437336138333361313532663730666336663334323938643636613338313735666136
65643238383837643334646137343539326563316362376432626264346437663035353537343330
39653235653135646664656364653732636335326561376335656163633738623438316330363236
34646261336531306635393730623362656561616466386264383733656466663032343237653732
34336261653033363036323963356635353435373832383938383338353733343237326162356261
30303538383533386265663731373731393437396333326335636539303862383136343966663364
32363366383635333137316630646335633064353765363731313762353536323332376166383064
66386565653761623136623232663438396539656631653830303465326334333939313633356336
63313866376238353738616532653131316231333033383834636233383464376333346132303163
37373466666366613637363431666138383063336433383330663638353965643739363231626264
643031336132366631383963376665386465
